B = np.array([[19505,15868,10677],
[19520,17019,9413],
[19228,18356,8154],
[18623,19836,6951],
[17708,21405,5844],
[16502,23009,4867],
[15031,24592,4038],
[13334,26100,3368],
[11456,27488,2855],
[9446,28720,2490],
[7354,29771,2255],
[5229,30628,2131],
[3116,31287,2094],
[1057,31756,2121],
[-915,32049,2191],
[-2773,32187,2284],
[-4496,32191,2387],
[-6069,32087,2486],
[-7483,31898,2575],
[-8733,31646,2648],
[-9817,31351,2703],
[-10734,31030,2743],
[-11487,30697,2770],
[-12079,30365,2789],
[-12515,30040,2807],
[-12798,29729,2833],
[-12936,29435,2873],
[-12934,29158,2937],
[-12800,28896,3034],
[-12542,28647,3170],
[-12167,28404,3354],
[-11686,28161,3592],
[-11108,27909,3887],
[-10443,27641,4243],
[-9703,27346,4660],
[-8898,27015,5137],
[-8039,26640,5672],
[-7137,26212,6258],
[-6203,25722,6891],
[-5248,25166,7561],
[-4280,24536,8259],
[-3308,23831,8975],
[-2342,23046,9699],
[-1389,22182,10417],
[-456,21240,11119],
[451,20221,11794],
[1327,19130,12430],
[2167,17972,13016],
[2968,16753,13544],
[3725,15482,14003],
[4437,14165,14388],
[5102,12813,14690],
[5718,11435,14904],
[6284,10040,15028],
[6800,8641,15057],
[7266,7245,14990],
[7682,5865,14827],
[8048,4510,14569],
[8366,3189,14218],
[8636,1912,13778],
[8860,688,13251],
[9039,-476,12644],
[9175,-1572,11963],
[9269,-2594,11213],
[9322,-3535,10401],
[9337,-4391,9537],
[9316,-5159,8626],
[9260,-5835,7679],
[9171,-6417,6702],
[9052,-6904,5705],
[8902,-7295,4697],
[8726,-7591,3685],
[8524,-7794,2678],
[8298,-7905,1684],
[8050,-7927,711],
[7782,-7864,-234],
[7495,-7720,-1145],
[7191,-7499,-2015],
[6872,-7208,-2838],
[6538,-6851,-3609],
[6192,-6435,-4324],
[5835,-5965,-4978],
[5468,-5450,-5568],
[5093,-4895,-6092],
[4711,-4308,-6548],
[4323,-3695,-6934],
[3931,-3064,-7250],
[3535,-2421,-7496],
[3137,-1773,-7672],
[2738,-1127,-7780],
[2339,-489,-7821],
[1941,135,-7799],
[1544,738,-7716],
[1151,1317,-7575],
[761,1865,-7380],
[376,2379,-7135],
[-3,2853,-6846],
[-376,3286,-6516],
[-742,3674,-6152],
[-1100,4013,-5757],
[-1450,4304,-5338],
[-1790,4543,-4900],
[-2120,4731,-4449],
[-2440,4867,-3990],
[-2748,4951,-3528],
[-3045,4984,-3069],
[-3330,4968,-2619],
[-3602,4904,-2180],
[-3860,4794,-1760],
[-4105,4641,-1361],
[-4336,4449,-988],
[-4552,4219,-645],
[-4753,3957,-335],
[-4938,3666,-60],
[-5109,3350,177],
[-5263,3013,374],
[-5401,2661,529],
[-5523,2297,641],
[-5628,1926,711],
[-5716,1552,737],
[-5787,1181,720],
[-5842,816,661],
[-5879,462,562],
[-5899,123,424],
[-5902,-198,248],
[-5887,-496,38],
[-5856,-769,-203],
[-5807,-1014,-474],
[-5742,-1228,-769],
[-5660,-1408,-1087],
[-5561,-1554,-1422],
[-5446,-1663,-1772],
[-5314,-1736,-2132],
[-5167,-1771,-2499],
[-5005,-1768,-2868],
[-4827,-1727,-3235],
[-4635,-1651,-3597],
[-4428,-1538,-3950],
[-4208,-1392,-4290],
[-3974,-1214,-4614],
[-3728,-1006,-4920],
[-3469,-771,-5204],
[-3199,-512,-5463],
[-2918,-231,-5697],
[-2627,68,-5903],
[-2326,382,-6080],
[-2017,708,-6226],
[-1700,1041,-6342],
[-1375,1379,-6428],
[-1044,1718,-6483],
[-708,2054,-6509],
[-368,2385,-6506],
[-23,2708,-6477],
[324,3019,-6422],
[673,3317,-6343],
[1022,3599,-6245],
[1372,3863,-6128],
[1720,4108,-5995],
[2066,4332,-5851],
[2409,4535,-5697],
[2748,4717,-5537],
[3081,4877,-5373],
[3409,5016,-5210],
[3729,5135,-5050],
[4041,5236,-4895],
[4344,5320,-4749],
[4637,5389,-4614],
[4919,5446,-4491],
[5190,5492,-4383],
[5448,5532,-4291],
[5692,5568,-4215],
[5922,5603,-4157],
[6137,5641,-4116],
[6337,5685,-4092],
[6520,5738,-4083],
[6686,5804,-4090],
[6836,5886,-4109],
[6967,5986,-4139],
[7081,6107,-4177],
[7176,6252,-4219],
[7252,6422,-4262],
[7310,6619,-4303],
[7349,6844,-4338],
[7369,7096,-4361],
[7371,7377,-4370],
[7354,7686,-4358],
[7320,8020,-4323],
[7268,8379,-4260],
[7198,8760,-4164],
[7112,9161,-4031],
[7010,9577,-3858],
[6894,10004,-3643],
[6762,10439,-3381],
[6618,10875,-3071],
[6461,11309,-2711],
[6293,11734,-2300],
[6115,12145,-1838],
[5927,12536,-1325],
[5732,12901,-764],
[5530,13235,-154],
[5322,13532,499],
[5109,13787,1195],
[4893,13995,1927],
[4675,14153,2691],
[4454,14256,3482],
[4232,14302,4293],
[4008,14289,5120],
[3784,14214,5955],
[3559,14079,6791],
[3333,13882,7622],
[3104,13625,8442],
[2872,13309,9243],
[2636,12937,10022],
[2393,12511,10771],
[2142,12035,11486],
[1881,11511,12164],
[1606,10943,12800],
[1316,10333,13392],
[1008,9685,13937],
[679,9001,14434],
[327,8282,14881],
[-50,7529,15276],
[-454,6742,15619],
[-884,5923,15908],
[-1340,5069,16142],
[-1823,4180,16318],
[-2328,3257,16436],
[-2854,2297,16491],
[-3397,1303,16481],
[-3952,274,16403],
[-4513,-785,16253],
[-5077,-1872,16030],
[-5636,-2980,15730],
[-6187,-4104,15351],
[-6726,-5235,14894],
[-7249,-6363,14357],
[-7756,-7480,13744],
[-8245,-8576,13055],
[-8719,-9640,12294],
[-9181,-10663,11467],
[-9635,-11637,10578],
[-10086,-12553,9634],
[-10542,-13403,8642],
[-11011,-14180,7610],
[-11503,-14875,6548],
[-12029,-15480,5466],
[-12600,-15983,4375],
[-13229,-16372,3287],
[-13930,-16628,2213],
[-14712,-16731,1168],
[-15584,-16658,163],
[-16548,-16382,-787],
[-17602,-15876,-1665],
[-18731,-15114,-2455],
[-19914,-14076,-3135],
[-21119,-12747,-3681],
[-22309,-11125,-4068],
[-23437,-9221,-4268],
[-24457,-7060,-4254],
[-25323,-4683,-3998],
[-25992,-2144,-3480],
[-26428,493,-2685],
[-26607,3154,-1607],
[-26510,5764,-248],
[-26134,8244,1378],
[-25481,10522,3246],
[-24567,12534,5321],
[-23411,14225,7562],
[-22041,15549,9921],
[-20488,16479,12343],
[-18787,16996,14775],
[-16972,17098,17162],
[-15077,16792,19452],
[-13136,16098,21598],
[-11179,15043,23557],
[-9234,13662,25293],
[-7325,11995,26776],
[-5472,10087,27986],
[-3692,7980,28906],
[-1998,5721,29527],
[-401,3355,29846],
[1093,923,29865],
[2477,-1533,29588],
[3749,-3977,29027],
[4906,-6372,28194],
[5948,-8687,27104],
[6876,-10893,25775],
[7691,-12964,24228],
[8393,-14876,22483],
[8986,-16610,20565],
[9471,-18149,18498],
[9850,-19478,16307],
[10127,-20587,14020],
[10305,-21468,11663],
[10388,-22119,9265],
[10380,-22536,6852],
[10284,-22724,4451],
[10106,-22688,2088],
[9851,-22435,-212],
[9524,-21979,-2426],
[9131,-21332,-4534],
[8679,-20511,-6517],
[8173,-19532,-8359],
[7619,-18417,-10046],
[7023,-17183,-11569],
[6393,-15854,-12919],
[5734,-14448,-14092],
[5051,-12988,-15084],
[4352,-11494,-15897],
[3641,-9985,-16534],
[2924,-8480,-16998],
[2205,-6996,-17298],
[1489,-5549,-17441],
[781,-4154,-17439],
[85,-2823,-17301],
[-596,-1567,-17041],
[-1259,-395,-16672],
[-1900,686,-16206],
[-2517,1669,-15659],
[-3108,2552,-15042],
[-3671,3333,-14371],
[-4204,4009,-13659],
[-4706,4583,-12917],
[-5176,5057,-12159],
[-5612,5433,-11395],
[-6015,5716,-10636],
[-6383,5911,-9892],
[-6717,6025,-9171],
[-7017,6063,-8480],
[-7282,6034,-7827],
[-7514,5943,-7216],
[-7711,5800,-6653],
[-7876,5612,-6140],
[-8008,5387,-5679],
[-8108,5132,-5273],
[-8178,4856,-4922],
[-8217,4564,-4626],
[-8227,4265,-4383],
[-8209,3965,-4192],
[-8164,3669,-4051],
[-8092,3383,-3956],
[-7996,3113,-3904],
[-7876,2861,-3891],
[-7733,2633,-3914],
[-7568,2432,-3967],
[-7383,2259,-4047],
[-7178,2117,-4148],
[-6955,2007,-4266],
[-6715,1930,-4397],
[-6459,1885,-4535],
[-6188,1873,-4676],
[-5904,1893,-4815],
[-5606,1942,-4950],
[-5297,2021,-5076],
[-4978,2125,-5190],
[-4649,2254,-5288],
[-4312,2403,-5368],
[-3967,2571,-5428],
[-3616,2753,-5466],
[-3260,2947,-5481],
[-2899,3149,-5471],
[-2535,3355,-5436],
[-2168,3563,-5375],
[-1800,3769,-5290],
[-1431,3969,-5181],
[-1062,4160,-5048],
[-694,4340,-4894],
[-329,4505,-4720],
[34,4654,-4528],
[393,4783,-4320],
[748,4891,-4100],
[1097,4977,-3869],
[1441,5040,-3632],
[1777,5077,-3390],
[2107,5090,-3147],
[2427,5078,-2906],
[2739,5041,-2671],
[3041,4979,-2444],
[3333,4895,-2229],
[3614,4790,-2028],
[3883,4664,-1845],
[4140,4521,-1680],
[4384,4363,-1538],
[4615,4192,-1419],
[4831,4012,-1326],
[5034,3825,-1259],
[5221,3635,-1220],
[5393,3445,-1209],
[5549,3259,-1227],
[5688,3080,-1272],
[5811,2911,-1345],
[5917,2757,-1443],
[6006,2621,-1567],
[6077,2505,-1713],
[6130,2413,-1879],
[6166,2347,-2063],
[6183,2311,-2262],
[6182,2306,-2471],
[6162,2333,-2689],
[6124,2395,-2910],
[6067,2493,-3131],
[5993,2626,-3347],
[5900,2796,-3555],
[5788,3001,-3749],
[5659,3241,-3925],
[5512,3514,-4078],
[5348,3818,-4206],
[5167,4152,-4302],
[4969,4511,-4365],
[4755,4893,-4389],
[4525,5294,-4371],
[4280,5710,-4309],
[4020,6135,-4200],
[3747,6566,-4041],
[3460,6997,-3832],
[3161,7423,-3571],
[2850,7837,-3258],
[2528,8235,-2893],
[2197,8610,-2476],
[1856,8957,-2009],
[1507,9270,-1493],
[1151,9544,-932],
[790,9772,-328],
[423,9951,315],
[52,10076,992],
[-321,10141,1699],
[-696,10144,2432],
[-1072,10080,3183],
[-1446,9948,3946],
[-1819,9744,4717],
[-2189,9468,5487],
[-2555,9118,6250],
[-2915,8695,6999],
[-3269,8198,7726],
[-3616,7629,8426],
[-3953,6990,9091],
[-4281,6284,9714],
[-4598,5513,10288],
[-4904,4682,10808],
[-5197,3796,11268],
[-5477,2858,11662],
[-5743,1877,11986],
[-5994,856,12235],
[-6230,-197,12406],
[-6450,-1275,12495],
[-6654,-2371,12501],
[-6842,-3477,12421],
[-7013,-4587,12255],
[-7168,-5692,12002],
[-7306,-6786,11663],
[-7428,-7860,11240],
[-7535,-8907,10733],
[-7627,-9921,10146],
[-7704,-10894,9482],
[-7767,-11820,8744],
[-7818,-12693,7936],
[-7857,-13507,7063],
[-7886,-14258,6130],
[-7906,-14939,5143],
[-7918,-15546,4107],
[-7925,-16077,3028],
[-7928,-16526,1912],
[-7929,-16892,766],
[-7929,-17171,-405],
[-7931,-17360,-1593],
[-7936,-17459,-2793],
[-7948,-17465,-3997],
[-7966,-17376,-5199],
[-7994,-17191,-6391],
[-8032,-16909,-7568],
[-8083,-16529,-8723],
[-8147,-16051,-9847],
[-8225,-15472,-10933],
[-8318,-14794,-11974],
[-8424,-14016,-12962],
[-8544,-13139,-13888],
[-8676,-12163,-14744],
[-8817,-11090,-15519],
[-8965,-9922,-16206],
[-9115,-8663,-16794],
[-9263,-7318,-17273],
[-9403,-5893,-17634],
[-9529,-4396,-17868],
[-9634,-2836,-17965],
[-9709,-1225,-17919],
[-9748,424,-17723],
[-9740,2096,-17372],
[-9679,3776,-16863],
[-9555,5445,-16196],
[-9361,7084,-15373],
[-9091,8675,-14399],
[-8738,10198,-13280],
[-8297,11634,-12028],
[-7766,12965,-10654],
[-7142,14174,-9175],
[-6428,15247,-7606],
[-5624,16169,-5968],
[-4736,16932,-4279],
[-3769,17529,-2558],
[-2731,17954,-824],
[-1631,18204,906],
[-476,18279,2616],
[723,18180,4293],
[1960,17905,5923],
[3226,17455,7493],
[4515,16832,8992],
[5820,16036,10404],
[7135,15068,11716],
[8451,13931,12912],
[9763,12629,13975],
[11061,11168,14887],
[12337,9553,15630],
[13584,7795,16186],
[14793,5903,16533],
[15955,3894,16650],
[17061,1787,16511],
[18102,-392,16095],
[19065,-2608,15379],
[19940,-4819,14348],
[20712,-6975,12992],
[21366,-9022,11315],
[21889,-10905,9331],
[22268,-12570,7068],
[22492,-13968,4566],
[22552,-15062,1875],
[22445,-15821,-948],
[22169,-16229,-3842],
[21727,-16281,-6742],
[21125,-15986,-9590],
[20374,-15360,-12328],
[19486,-14430,-14906],
[18474,-13230,-17282],
[17355,-11798,-19422],
[16145,-10177,-21301],
[14861,-8409,-22902],
[13521,-6539,-24217],
[12142,-4607,-25247],
[10737,-2654,-25996],
[9323,-713,-26478],
[7913,1184,-26709],
[6517,3008,-26708],
[5147,4739,-26499],
[3812,6358,-26106],
[2519,7852,-25554],
[1275,9210,-24867],
[85,10427,-24071],
[-1046,11501,-23188],
[-2116,12430,-22241],
[-3121,13219,-21251],
[-4060,13871,-20237],
[-4930,14394,-19215],
[-5730,14796,-18201],
[-6459,15086,-17208],
[-7118,15274,-16247],
[-7706,15372,-15328],
[-8222,15390,-14457],
[-8668,15341,-13641],
[-9043,15237,-12882],
[-9349,15088,-12183],
[-9587,14905,-11544],
[-9759,14700,-10964],
[-9865,14481,-10440],
[-9909,14258,-9968],
[-9892,14038,-9544],
[-9817,13827,-9163],
[-9686,13632,-8818],
[-9503,13456,-8503],
[-9270,13303,-8210],
[-8990,13173,-7934],
[-8668,13069,-7667],
[-8306,12989,-7404],
[-7907,12932,-7137],
[-7476,12896,-6861],
[-7016,12877,-6573],
[-6530,12872,-6266],
[-6022,12877,-5939],
[-5496,12886,-5588],
[-4954,12895,-5212],
[-4399,12898,-4810],
[-3836,12891,-4382],
[-3267,12868,-3929],
[-2694,12823,-3453],
[-2121,12754,-2956],
[-1551,12655,-2441],
[-986,12522,-1912],
[-427,12353,-1373],
[122,12145,-829],
[659,11897,-284],
[1184,11606,256],
[1693,11272,787],
[2186,10896,1302],
[2661,10478,1796],
[3116,10020,2264],
[3551,9524,2702],
[3964,8993,3104],
[4355,8430,3466],
[4723,7839,3785],
[5066,7224,4056],
[5386,6591,4277],
[5680,5943,4445],
[5949,5287,4559],
[6193,4628,4617],
[6411,3971,4619],
[6603,3322,4565],
[6770,2686,4456],
[6911,2070,4292],
[7026,1479,4076],
[7116,917,3811],
[7182,389,3498],
[7222,-99,3143],
[7239,-545,2748],
[7232,-944,2318],
[7201,-1292,1858],
[7148,-1588,1374],
[7072,-1829,869],
[6975,-2014,351],
[6858,-2142,-176],
[6720,-2211,-706],
[6562,-2223,-1233],
[6386,-2178,-1750],
[6192,-2077,-2253],
[5981,-1923,-2736],
[5753,-1718,-3194],
[5510,-1464,-3622],
[5252,-1166,-4015],
[4980,-826,-4369],
[4696,-451,-4679],
[4399,-43,-4943],
[4091,391,-5157],
[3773,847,-5320],
[3446,1319,-5429],
[3110,1801,-5482],
[2767,2287,-5480],
[2418,2772,-5421],
[2063,3250,-5307],
[1703,3715,-5138],
[1340,4161,-4916],
[975,4583,-4643],
[608,4976,-4322],
[240,5334,-3955],
[-127,5653,-3547],
[-493,5929,-3101],
[-857,6157,-2622],
[-1217,6335,-2115],
[-1573,6460,-1586],
[-1924,6529,-1038],
[-2269,6540,-480],
[-2606,6492,85],
[-2936,6385,650],
[-3256,6218,1209],
[-3567,5993,1755],
[-3867,5709,2284],
[-4156,5369,2789],
[-4432,4976,3265],
[-4694,4531,3706],
[-4943,4038,4108],
[-5177,3502,4465],
[-5396,2926,4774],
[-5598,2315,5031],
[-5783,1673,5231],
[-5951,1007,5373],
[-6101,322,5455],
[-6232,-376,5474],
[-6345,-1082,5428],
[-6437,-1789,5319],
[-6510,-2492,5145],
[-6563,-3185,4908],
[-6595,-3861,4608],
[-6606,-4516,4248],
[-6597,-5143,3829],
[-6566,-5738,3354],
[-6514,-6296,2827],
[-6442,-6812,2251],
[-6348,-7282,1631],
[-6234,-7704,971],
[-6100,-8073,276],
[-5945,-8387,-450],
[-5770,-8644,-1202],
[-5577,-8844,-1973],
[-5364,-8984,-2759],
[-5134,-9065,-3555],
[-4886,-9086,-4355],
[-4621,-9048,-5154],
[-4340,-8953,-5948],
[-4045,-8802,-6732],
[-3736,-8597,-7502],
[-3414,-8341,-8253],
[-3081,-8035,-8982],
[-2736,-7683,-9687],
[-2383,-7289,-10363],
[-2022,-6854,-11010],
[-1654,-6384,-11624],
[-1281,-5880,-12206],
[-905,-5346,-12752],
[-526,-4786,-13265],
[-146,-4203,-13741],
[233,-3598,-14184],
[610,-2975,-14591],
[982,-2336,-14965],
[1350,-1683,-15306],
[1711,-1016,-15615],
[2063,-338,-15893],
[2406,352,-16141],
[2738,1053,-16360],
[3058,1764,-16550],
[3364,2488,-16713],
[3656,3223,-16848],
[3933,3972,-16956],
[4194,4735,-17034],
[4438,5513,-17083],
[4665,6307,-17100],
[4874,7120,-17084],
[5066,7950,-17032],
[5240,8800,-16940],
[5398,9668,-16805],
[5538,10555,-16622],
[5663,11460,-16388],
[5774,12380,-16097],
[5871,13313,-15745],
[5956,14255,-15326],
[6032,15202,-14837],
[6100,16148,-14271],
[6163,17087,-13625],
[6222,18011,-12896],
[6282,18912,-12081],
[6345,19780,-11178],
[6415,20605,-10188],
[6494,21376,-9110],
[6586,22083,-7948],
[6694,22713,-6705],
[6823,23256,-5389],
[6976,23699,-4007],
[7156,24033,-2569],
[7365,24248,-1087],
[7608,24334,424],
[7887,24287,1950],
[8204,24100,3471],
[8561,23771,4970],
[8958,23300,6427],
[9397,22690,7820],
[9877,21948,9128],
[10396,21082,10331],
[10954,20104,11409],
[11546,19031,12342],
[12169,17881,13115],
[12818,16677,13712],
[13486,15441,14123],
[14169,14200,14339],
[14857,12981,14358],
[15542,11811,14179],
[16216,10718,13806],
[16870,9728,13247],
[17494,8866,12515],
[18078,8155,11622],
[18609,7615,10586],
[19077,7265,9428],
[19466,7120,8169],
[19764,7193,6833],
[19954,7490,5450],
[20018,8016,4050],
[19942,8767,2665],
[19710,9732,1331],
[19308,10894,81],
[18728,12229,-1052],
[17965,13703,-2039],
[17017,15280,-2855],
[15890,16918,-3486],
[14594,18572,-3922],
[13141,20201,-4163],
[11550,21763,-4217],
[9841,23221,-4098],
[8038,24545,-3827],
[6166,25709,-3429],
[4251,26697,-2930],
[2320,27497,-2361],
[400,28108,-1751],
[-1483,28535,-1127],
[-3306,28788,-515],
[-5046,28882,61],
[-6684,28840,583],
[-8205,28682,1038],
[-9594,28432,1417],
[-10842,28116,1715],
[-11939,27754,1934],
[-12882,27370,2077],
[-13666,26980,2155],
[-14291,26601,2177],
[-14759,26245,2159],
[-15073,25921,2116],
[-15238,25634,2064],
[-15260,25388,2018],
[-15148,25181,1995],
[-14911,25011,2007],
[-14560,24872,2067],
[-14104,24758,2186],
[-13554,24658,2370],
[-12923,24564,2624],
[-12220,24466,2953],
[-11456,24352,3356],
[-10641,24212,3832],
[-9786,24036,4377],
[-8898,23815,4985],
[-7986,23539,5650],
[-7058,23201,6364],
[-6120,22794,7117],
[-5180,22314,7899],
[-4242,21754,8700],
[-3311,21113,9508],
[-2394,20390,10312],
[-1493,19583,11100],
[-614,18694,11861],
[241,17725,12585],
[1068,16681,13260],
[1864,15565,13876],
[2627,14385,14424],
[3354,13147,14896],
[4043,11859,15283],
[4692,10530,15580],
[5300,9169,15780],
[5864,7788,15879],
[6385,6395,15875],
[6861,5004,15765],
[7291,3623,15548],
[7675,2265,15227],
[8013,940,14801],
[8304,-341,14275],
[8549,-1568,13654],
[8749,-2731,12941],
[8904,-3823,12145],
[9014,-4834,11272],
[9081,-5757,10331],
[9105,-6587,9331],
[9088,-7319,8281],
[9032,-7948,7191],
[8938,-8471,6071],
[8806,-8888,4933],
[8640,-9196,3785],
[8441,-9398,2640],
[8210,-9494,1507],
[7950,-9488,396],
[7663,-9382,-684],
[7350,-9182,-1724],
[7014,-8894,-2715],
[6656,-8523,-3649],
[6279,-8077,-4521],
[5885,-7562,-5324],
[5475,-6988,-6053],
[5052,-6363,-6703],
[4618,-5695,-7273],
[4174,-4993,-7759],
[3723,-4267,-8160],
[3266,-3524,-8475],
[2806,-2774,-8706],
[2343,-2026,-8854],
[1880,-1287,-8921],
[1419,-565,-8910],
[960,132,-8824],
[506,798,-8669],
[57,1426,-8448],
[-384,2010,-8169],
[-817,2547,-7836],
[-1240,3031,-7456],
[-1652,3459,-7035],
[-2051,3828,-6582],
[-2438,4137,-6101],
[-2810,4384,-5601],
[-3167,4569,-5088],
[-3509,4692,-4570],
[-3834,4753,-4052],
[-4141,4755,-3542],
[-4430,4700,-3046],
[-4700,4590,-2569],
[-4952,4428,-2116],
[-5183,4220,-1693],
[-5395,3968,-1305],
[-5586,3677,-954],
[-5756,3353,-644],
[-5906,2999,-378],
[-6034,2623,-159],
[-6141,2228,13],
[-6226,1821,137],
[-6290,1407,211],
[-6333,991,236],
[-6354,579,213],
[-6355,175,144],
[-6334,-216,30],
[-6292,-588,-127],
[-6230,-939,-324],
[-6148,-1264,-558],
[-6046,-1560,-826],
[-5924,-1823,-1123],
[-5784,-2052,-1445],
[-5625,-2245,-1790],
[-5448,-2399,-2151],
[-5253,-2514,-2526],
[-5041,-2589,-2908],
[-4814,-2625,-3295],
[-4571,-2621,-3682],
[-4313,-2579,-4064],
[-4040,-2500,-4439],
[-3755,-2386,-4801],
[-3457,-2239,-5147],
[-3148,-2061,-5476],
[-2827,-1856,-5782],
[-2497,-1626,-6066],
[-2159,-1375,-6323],
[-1812,-1106,-6553],
[-1458,-823,-6755],
[-1098,-529,-6928],
[-734,-228,-7072],
[-366,76,-7186],
[5,380,-7273],
[378,680,-7332],
[751,974,-7366],
[1123,1259,-7376],
[1493,1532,-7365],
[1861,1790,-7334],
[2224,2032,-7288],
[2583,2257,-7228],
[2935,2463,-7158],
[3279,2649,-7082],
[3615,2817,-7002],
[3941,2965,-6922],
[4256,3096,-6846],
[4559,3209,-6776],
[4849,3308,-6715],
[5125,3393,-6666],
[5385,3468,-6632],
[5630,3536,-6614],
[5857,3600,-6614],
[6067,3663,-6634],
[6257,3729,-6674],
[6428,3802,-6734],
[6579,3887,-6814],
[6708,3987,-6914],
[6815,4106,-7031],
[6901,4249,-7163],
[6963,4418,-7309],
[7002,4619,-7464],
[7017,4853,-7625],
[7009,5124,-7788],
[6976,5434,-7948],
[6920,5785,-8100],
[6839,6179,-8238],
[6734,6615,-8357],
[6606,7095,-8449],
[6454,7616,-8510],
[6280,8178,-8532],
[6083,8779,-8510],
[5864,9415,-8436],
[5624,10082,-8306],
[5365,10776,-8113],
[5087,11491,-7851],
[4791,12221,-7517],
[4479,12960,-7105],
[4153,13699,-6612],
[3813,14431,-6035],
[3461,15147,-5372],
[3100,15838,-4622],
[2731,16495,-3785],
[2357,17109,-2861],
[1979,17671,-1853],
[1600,18170,-763],
[1222,18598,404],
[847,18946,1643],
[478,19206,2948],
[118,19371,4312],
[-231,19432,5725],
[-567,19385,7180],
[-887,19224,8666],
[-1189,18946,10173],
[-1471,18548,11689],
[-1730,18028,13203],
[-1964,17388,14703],
[-2173,16628,16177],
[-2354,15752,17614],
[-2506,14764,19001],
[-2629,13670,20329],
[-2722,12476,21587],
[-2785,11193,22765],
[-2819,9829,23856],
[-2824,8394,24851],
[-2803,6901,25745],
[-2758,5360,26533],
[-2691,3785,27212],
[-2606,2189,27779],
[-2506,583,28236],
[-2398,-1020,28582],
[-2284,-2608,28819],
[-2173,-4170,28952],
[-2068,-5695,28985],
[-1978,-7174,28922],
[-1909,-8599,28770],
[-1869,-9962,28535],
[-1864,-11258,28224],
[-1903,-12479,27841],
[-1991,-13623,27395],
[-2138,-14686,26890],
[-2348,-15665,26332],
[-2629,-16558,25724],
[-2986,-17361,25071],
[-3425,-18073,24375],
[-3948,-18692,23638],
[-4558,-19214,22861],
[-5257,-19635,22046],
[-6045,-19951,21192],
[-6919,-20156,20300],
[-7876,-20245,19371],
[-8909,-20210,18407],
[-10010,-20045,17410],
[-11169,-19741,16385],
[-12373,-19291,15339],
[-13608,-18689,14281],
[-14859,-17929,13222],
[-16108,-17007,12177],
[-17338,-15923,11165],
[-18531,-14677,10204],
[-19669,-13272,9317],
[-20735,-11717,8527],
[-21713,-10022,7859],
[-22586,-8201,7338],
[-23341,-6271,6985],
[-23961,-4255,6824],
[-24435,-2179,6870],
])